EntryNumber 	 TicketID
0		520
1		535
2		551
3		571
4		582
5		597
6		612
7		625
8		636
9		651
10		662
11		677
12		695
13		708
14		720
15		733
16		748
17		765
18		782
19		795
20		807
21		819
22		830
23		845
24		866
25		884
26		900
27		917
28		930
29		948
30		969
31		980
32		994
33		1008
34		1020
35		1035
36		1050
37		1064
38		1085
39		1104
40		1121
41		1136
42		1151
43		1170
44		1191
45		1205
46		1216
47		1228
48		1239
49		1252
50		1273
51		1287
52		1303
53		1316
54		1333
55		1351
56		1366
57		1378
58		1398
59		1413
60		1433
61		1452
62		1473
63		1488
64		1504
65		1525
66		1537
67		1552
68		1564
69		1583
70		1602
71		1613
72		1630
73		1649
74		1666
75		1684
76		1702
77		1715
78		1731
79		1748
80		1765
81		1780
82		1797
83		1808
84		1826
85		1844
86		1861
87		1872
88		1890
89		1905
90		1926
91		1940
92		1955
93		1971
94		1992
95		2011
96		2026
97		2037
98		2051
99		2072
